
001011110111101011010001111111101000110101101011
001110100101001101011011011011101111000101011111
101111101101001111000011011011010010110111001011
111011111101001111110011011101011010010110110100
110011111101011101110011000100101011101101010100
111001101111011101110101100101110000101101101001
111011000111111101110111110101010001001010110001		001011110111101011010001111111101000110101101011
101110101111111101110110100000000101101010011100		001011110111101011010001111111101000110101101011
111101001011111111110111000101011100110000110000		001011110111101011010001111111101000110101101011
111110011111111110111010000110001101101001110000		001011110111101011010001111111101000110101101011
111100111110111011101110100011100001111001101010
111011011011110011101110111001101001010000101011
010110111011111000111110011000101111000011001011
110101101010111010001100011011100110000111001111
111111010010110010111101011111000010010110000111
010110111110101011001101000101100011001111001111
 NEW
001011110111101011010001111111101000110101101011
001110100101001101011011011011101111000101011111
101111101101001111000011011011010010110111001011
111011111101001111110011011101011010010110110100
110011111101011101110011000100101011101101010100
111001101111011101110101100101110000101101101001
111011000111111101110111110101010001001010110001
101110101111111101110110100000000101101010011100
111101001011111111110111000101011100110000110000
111110011111111110111010000110001101101001110000
111100111110111011101110100011100001111001101010
111011011011110011101110111001101001010000101011
010110111011111000111110011000101111000011001011
110101101010111010001100011011100110000111001111
111111010010110010111101011111000010010110000111
010110111110101011001101000101100011001111001111
 NEW
001011110111101011010001111111101000110101101011
001110100101001101011011011011101111000101011111
101111101101001111000011011011010010110111001011
111011111101001111110011011101011010010110110100
110011111101011101110011000100101011101101010100
111001101111011101110101100101110000101101101001
111011000111111101110111110101010001001010110001
101110101111111101110110100000000101101010011100
111101001011111111110111000101011100110000110000
111110011111111110111010000110001101101001110000
111100111110111011101110100011100001111001101010
111011011011110011101110111001101001010000101011
010110111011111000111110011000101111000011001011
110101101010111010001100011011100110000111001111
111111010010110010111101011111000010010110000111
010110111110101011001101000101100011001111001111
 NEW
001011110111101011010001111111101000110101101011
001110100101001101011011011011101111000101011111
101111101101001111000011011011010010110111001011
111011111101001111110011011101011010010110110100
110011111101011101110011000100101011101101010100
111001101111011101110101100101110000101101101001
111011000111111101110111110101010001001010110001
101110101111111101110110100000000101101010011100
111101001011111111110111000101011100110000110000
111110011111111110111010000110001101101001110000
111100111110111011101110100011100001111001101010
111011011011110011101110111001101001010000101011
010110111011111000111110011000101111000011001011
110101101010111010001100011011100110000111001111
111111010010110010111101011111000010010110000111
010110111110101011001101000101100011001111001111
 NEW
001011110111101011010001111111101000110101101011
001110100101001101011011011011101111000101011111
101111101101001111000011011011010010110111001011
111011111101001111110011011101011010010110110100
110011111101011101110011000100101011101101010100
111001101111011101110101100101110000101101101001
111011000111111101110111110101010001001010110001
101110101111111101110110100000000101101010011100
111101001011111111110111000101011100110000110000
111110011111111110111010000110001101101001110000
111100111110111011101110100011100001111001101010
111011011011110011101110111001101001010000101011
010110111011111000111110011000101111000011001011
110101101010111010001100011011100110000111001111
111111010010110010111101011111000010010110000111
010110111110101011001101000101100011001111001111
 NEW
